[gd_scene load_steps=6 format=2]

[ext_resource path="res://Assets/textures/main_texture.tres" type="Material" id=1]
[ext_resource path="res://Assets/textures/main_emistion.tres" type="Material" id=2]
[ext_resource path="res://Assets/meshes/Country_Light.obj" type="ArrayMesh" id=3]
[ext_resource path="res://Assets/meshes/Country.obj" type="ArrayMesh" id=4]

[sub_resource type="BoxShape" id=1]
extents = Vector3( 12.75, 1, 0.126946 )

[node name="Spatial" type="Spatial"]

[node name="Country" type="MeshInstance" parent="."]
transform = Transform( -4.37114e-08, 0, -1, 0, 1, 0, 1, 0, -4.37114e-08, 0, 0, 0 )
mesh = ExtResource( 4 )
material/0 = ExtResource( 1 )

[node name="Country_Light" type="MeshInstance" parent="Country"]
mesh = ExtResource( 3 )
material/0 = ExtResource( 2 )

[node name="StaticBody" type="StaticBody" parent="Country"]

[node name="wall_1" type="CollisionShape" parent="Country/StaticBody"]
transform = Transform( 1, 0, 0, 0, 1, 0, 0, 0, 1, -1.1062e-07, 1.77781, -2.53068 )
shape = SubResource( 1 )

[node name="wall_2" type="CollisionShape" parent="Country/StaticBody"]
transform = Transform( 1, 0, 0, 0, 1, 0, 0, 0, 1, 1.10631e-07, 1.77781, 2.53095 )
shape = SubResource( 1 )

[node name="SpotLight" type="SpotLight" parent="Country/StaticBody"]
transform = Transform( 1, -4.35938e-08, -4.69143e-08, 4.35939e-08, -0.0732731, 0.997312, -4.69142e-08, -0.997312, -0.0732731, -10.8895, 4.25, -0.350197 )
light_color = Color( 1, 0.898039, 0.435294, 1 )
spot_range = 5.22424
spot_attenuation = 0.0544095
spot_angle = 31.8174

[node name="SpotLight2" type="SpotLight" parent="Country/StaticBody"]
transform = Transform( 1, -4.35938e-08, -4.69143e-08, 4.35939e-08, -0.0732731, 0.997312, -4.69142e-08, -0.997312, -0.0732731, -4.38946, 4.25, -0.350197 )
light_color = Color( 1, 0.898039, 0.435294, 1 )
spot_range = 5.22424
spot_attenuation = 0.0544095
spot_angle = 31.8174

[node name="SpotLight3" type="SpotLight" parent="Country/StaticBody"]
transform = Transform( 1, -4.35938e-08, -4.69143e-08, 4.35939e-08, -0.0732731, 0.997312, -4.69142e-08, -0.997312, -0.0732731, 2.11054, 4.25, -0.350197 )
light_color = Color( 1, 0.898039, 0.435294, 1 )
spot_range = 5.22424
spot_attenuation = 0.0544095
spot_angle = 31.8174

[node name="SpotLight4" type="SpotLight" parent="Country/StaticBody"]
transform = Transform( 1, -4.35938e-08, -4.69143e-08, 4.35939e-08, -0.0732731, 0.997312, -4.69142e-08, -0.997312, -0.0732731, 8.43089, 4.25, -0.350197 )
light_color = Color( 1, 0.898039, 0.435294, 1 )
spot_range = 5.22424
spot_attenuation = 0.0544095
spot_angle = 31.8174
